"x"	"y"	"mncanht2023"	"sdcanht2023"
-10	-10	19.2348563861944	5.45847457956319
10	10	20.939793314157	5.11758108381753
30	30	19.5623704020182	4.06340153721191
50	50	21.2934877553381	6.53924301626199
70	70	24.9870311429208	8.85207312115298
90	90	26.0633562651135	4.56269465493777
110	110	30.61108424213	7.58437208576809
130	130	28.1292128843532	10.0337087704069
150	150	26.3270819910188	8.89514482950775
170	170	32.5900318292986	6.94960659966896
190	190	27.8886943845821	8.68095448254262
210	210	29.6529786234691	6.70795960507492
230	230	26.8789500645229	7.55350776790313
250	250	33.6757091367334	7.9819332836925
270	270	33.0815203245541	7.7688277964867
290	290	32.5909050419934	6.92859770296254
310	310	27.5127876721528	7.46788929897887
330	330	18.1140424731262	9.37566463821504
350	350	23.3891129113678	9.83933861764774
370	370	30.3928986459985	6.44457075544111
390	390	26.9894318598315	6.41122970915755
410	410	29.7300180275518	4.52382202732281
430	430	18.013057506437	6.04980180085474
450	450	26.019918865309	7.59158345356881
470	470	27.9912774574069	5.18499557169898
490	490	21.179359333545	9.27271735271158
510	510	19.1425167800789	6.64481892760809
530	-10	29.0023823344678	5.88765845629727
550	10	35.351948842596	4.83799402117896
570	30	39.8002161638838	4.23812675895373
590	50	35.3302024439761	7.78642088766737
610	70	34.0823160669618	7.21092963566504
630	90	25.0793308734177	9.06730453743312
650	110	39.3460282274595	4.70412447006597
670	130	33.7274860590502	7.47596825579849
690	150	19.7218256632487	11.2625392261929
710	170	11.297252113132	7.60916853959419
730	190	18.2429399923454	12.2184969991679
750	210	19.2255206191749	10.6013252543414
770	230	17.2436776939908	5.19442520069089
790	250	14.8561375859387	4.79757961963116
810	270	21.6846625612493	10.8161837985594
830	290	19.8283620795152	7.21084315016148
850	310	8.25479610739495	3.95908361259355
870	330	13.2915274652084	7.66003781138948
890	350	18.9482314948749	7.0967019152777
910	370	17.6707328517216	7.37209214773228
930	390	22.5224212791806	9.82076148890567
950	410	20.6249066529238	9.51222392162081
970	430	23.4352654516846	8.97444711125101
990	450	16.9218603117902	10.9763254254102
1010	470	22.5878850974176	13.2641790408127
-10	490	21.079426329378	5.7694502694029
10	510	17.3510768189568	7.72099627634596
30	-10	22.8186597700981	4.40610115620899
50	10	29.7077329497352	4.69976258302764
70	30	26.0863067869397	8.32778835830836
90	50	19.1379292280695	10.3440766798862
110	70	31.1002749567117	4.8922045975506
130	90	30.1928770866508	10.620463431398
150	110	30.9979188920961	6.57052261461968
170	130	31.6768420964746	5.73029419336447
190	150	39.8702791549243	7.52450829776725
210	170	35.3221098671603	7.8645361282827
230	190	25.5403247655208	9.17959648505818
250	210	13.8400751138515	9.75684244597586
270	230	23.6742342679006	9.1667357136881
290	250	36.2263936539984	6.28460787608172
310	270	29.5478068915237	6.42179602544724
330	290	25.2052309757903	11.3517153113143
350	310	28.8421483665853	8.25561178273933
370	330	34.7829908679708	4.39763736784772
390	350	38.2728300403341	7.76364548970511
410	370	35.0985422302973	8.9964476728839
430	390	22.4639006810723	10.9404737561853
450	410	17.3989736161142	11.7321856716817
470	430	18.2712507344523	10.0568954169717
490	450	24.8088138235598	10.1074654417284
510	470	21.7453712327004	10.5107846845201
530	490	30.3840562284407	11.4110944867706
550	510	32.0893675833497	9.42913871187707
570	-10	35.8185969325258	5.99802717116384
590	10	39.7414946259666	5.01532756891546
610	30	26.6489158448538	10.483806449413
630	50	32.2341031927811	7.2756806332146
650	70	29.7904113170999	8.56983968350891
670	90	25.2267826508387	8.56610413904656
690	110	25.4673975356404	7.72182773752307
710	130	27.3838947246896	7.58317721048576
730	150	27.4882486958963	12.4767089491146
750	170	15.8344019036544	7.18966326498403
770	190	15.1432191956718	6.35710652815799
790	210	14.8110177048623	5.33860730044853
810	230	30.9339479471034	10.4141412463422
830	250	18.2708478956024	8.88829660432147
850	270	16.7574061237475	10.4622935434416
870	290	29.8363877100409	6.7904125270996
890	310	17.9349511958163	9.49276307768538
910	330	11.1073005585353	4.07360047909719
930	350	20.703886047636	7.38161330019095
950	370	28.8798891561862	12.717333004928
970	390	11.0631367172953	9.36441213531139
990	410	16.7031346954679	6.4044197255328
1010	430	26.6057833894125	7.56960237972192
-10	450	19.0290999640331	6.61221213887604
10	470	24.0951509841267	7.55151792953127
30	490	25.9546453777112	4.83014750874121
50	510	18.5033786171361	9.23241618614609
70	-10	21.7298197590014	5.0284090492103
90	10	23.4366090806736	8.10377075676607
110	30	27.7285544053564	9.81186471786233
130	50	25.8839191213265	10.6799160571044
150	70	27.5559760600358	5.57449748078229
170	90	22.4674046915124	8.14395628541478
190	110	28.3009766715996	10.8888393914504
210	130	36.8408775140181	5.42518728879233
230	150	25.8939282308387	11.1818850897443
250	170	10.6067058513986	7.48895169872181
270	190	27.3318914206996	7.69644098072524
290	210	34.9351809504489	3.26775117824215
310	230	28.5185205529676	11.2012432136634
330	250	32.6743696203298	9.60714799858224
350	270	26.9099567917158	7.05046532580002
370	290	24.1505630432553	8.98110334477197
390	310	27.1454726710694	8.67605530146028
410	330	37.4186506208857	2.84521973589569
430	350	26.7770206387017	10.0507420141416
450	370	19.9949927768499	9.02632571276855
470	390	22.5313357545461	8.79409290550052
490	410	17.7522540565044	10.5408120582238
510	430	22.7180425520805	11.8968948568
530	450	26.7233399816398	12.9572295260524
550	470	31.2985921880576	10.0717434725761
570	490	29.1579902126157	7.48936918635877
590	510	22.5570263132438	7.56009049054514
610	-10	23.1545968367303	5.94000177500001
630	10	26.9241024089309	8.68201906760471
650	30	34.1492799503209	4.05895745864794
670	50	32.5616910068849	10.668782673812
690	70	21.9797293912098	9.86007154851201
710	90	22.9378849548522	8.43576602330563
730	110	16.5955780453573	6.18091841403927
750	130	9.36032332843678	4.55762503574268
770	150	9.02802227364988	5.9917857491508
790	170	12.1551157901162	5.32763614052636
810	190	18.0563087304275	8.65793676660751
830	210	20.174957784522	8.40890981979825
850	230	28.597516172195	10.5130163351403
870	250	27.8955959664793	8.37007178016021
890	270	24.1997790097006	7.3939286871043
910	290	16.7110138060675	8.1415832277665
930	310	17.2640087101168	7.22138790266204
950	330	16.7221135015402	6.21862551746796
970	350	27.4688563486078	3.70728394128501
990	370	14.3223864096042	9.76688555353762
1010	390	13.8959212484047	8.45919493700765
-10	410	24.3672430068314	7.24527335283629
10	430	19.7935850558238	9.31130563988578
30	450	25.1112391058004	10.1335346738223
50	470	21.0697320659679	10.3314704128405
70	490	25.6235889014326	8.58949897459282
90	510	31.9180516671992	7.84838194767225
110	-10	15.8261691990296	5.55073544737413
130	10	22.0905328153972	6.94399377600948
150	30	23.6922751039355	6.66638224420888
170	50	19.9457294589121	7.67869672460041
190	70	20.728515023437	8.09398199870172
210	90	22.5847225397559	7.51395762659454
230	110	26.7488369787343	6.71724855193605
250	130	19.8785472032685	8.28283302346834
270	150	22.4266616003042	11.438061612853
290	170	33.34084006104	6.66070170943835
310	190	22.0795263917349	8.84245553176537
330	210	16.1711618432932	9.04051776246217
350	230	14.5473646813613	3.66882306480067
370	250	21.8950634256494	8.02492741210959
390	270	30.3775079433589	8.75139379012696
410	290	33.4922015859685	4.46970955773843
430	310	26.9197508265506	12.4977970517436
450	330	21.494720774161	9.83734526818955
470	350	22.3774013848859	9.89216824977927
490	370	21.6055654031399	8.79286743719071
510	390	34.9192416360622	6.32892049118669
530	410	24.9748821285062	13.8830512542174
550	430	26.7776630738759	12.8114378813649
570	450	34.706198018594	8.43434757698653
590	470	27.5092195224857	9.58093737350476
610	490	32.1054000521132	3.87666400167281
630	510	29.1673059791179	11.2955686817029
650	-10	29.621343210745	5.70742099425803
670	10	26.6115234753818	10.1554917800778
690	30	33.2270610169124	10.2385694913429
710	50	26.9079586449541	8.31256015643087
730	70	19.1393621465537	5.63002442756359
750	90	25.2197716948766	12.4691811312913
770	110	23.0317369417495	12.7315248678858
790	130	16.1342130431826	4.8450801947058
810	150	24.0472206714255	10.0715919557992
830	170	33.5005591884033	9.52039489676351
850	190	20.6106305528658	10.3318612070676
870	210	21.595390134961	9.55396569804293
890	230	24.0035533817901	5.69819941847696
910	250	20.1816796326472	7.60574101462918
930	270	19.3286053328907	6.54586813370361
950	290	15.7094741775831	5.81418501606685
970	310	19.0792027372116	4.96182566689108
990	330	21.4975465511258	4.45654651137225
1010	350	22.6283639652135	5.90074753134222
-10	370	27.8820205843147	8.04524456761058
10	390	30.3773526393432	9.35976092379765
30	410	25.5033368607855	11.7494635607671
50	430	13.6117745301929	5.06716344203698
70	450	17.5772186718726	4.23964035512168
90	470	18.1129224441968	6.72641655241965
110	490	26.1686648659578	5.92694185192029
130	510	28.7292975841473	4.86623277044404
150	-10	23.5520283431022	6.05718073813078
170	10	20.7013435022833	8.08653303408712
190	30	22.7742462430952	6.14732479172166
210	50	23.77799804142	6.11682444025734
230	70	19.2605277068092	6.84659641699575
250	90	18.2897568385438	7.49135617820322
270	110	26.5282833716839	7.44210813672253
290	130	34.4824423205651	7.48803875486056
310	150	34.5257629773349	7.44446694746615
330	170	15.98528610578	7.61648775791445
350	190	13.8861721050183	4.76776960779221
370	210	21.5294114598688	6.28364601862922
390	230	27.4559048407364	7.02753593344357
410	250	31.8563443787167	6.62106239057514
430	270	23.1544303750092	9.73326560503325
450	290	26.3803401746248	8.39059621229333
470	310	28.5983043879004	8.99257829523686
490	330	32.3977884983945	8.03443070959324
510	350	21.5370054061268	13.4894476254338
530	370	20.6122474511307	8.29956168204799
550	390	34.4783146287147	7.97248652477529
570	410	35.9827373728141	4.96082515260864
590	430	32.5292822268656	8.94671404967507
610	450	27.0820523774375	6.54117150694889
630	470	34.0425179020295	4.88878407907089
650	490	29.105663683682	5.09819923158769
670	510	32.9174662221626	5.20251478808792
690	-10	28.4277549417869	10.569283976117
710	10	24.9619643452861	6.44459676559702
730	30	26.6817134474572	6.651675029834
750	50	29.6614851874888	8.38940143871423
770	70	24.6163821147475	10.3391206937727
790	90	14.8726786972394	4.54349382637926
810	110	21.4700451075261	9.82456677898246
830	130	41.5632413043995	4.44204915777589
850	150	33.6170735773051	7.51874056834987
870	170	21.7439835867555	7.18938994391543
890	190	25.0771770102265	9.65661140363478
910	210	39.8903665893009	8.3642509443956
930	230	16.7454529945048	11.4566225102296
950	250	17.0425943073473	8.13647421808985
970	270	11.6274898002496	5.05682856654613
990	290	20.5889698441476	7.93701485438369
1010	310	20.2304275777868	7.01345622091834
-10	330	22.8400360606656	7.00494274830666
10	350	26.9547427112083	7.97648438274455
30	370	28.9710150187397	5.10847926907382
50	390	20.6371082021795	5.19155445016026
70	410	22.0542707244358	5.52440599202019
90	430	18.5707855239762	7.54753636322828
110	450	25.3330994516049	7.6384712067748
130	470	24.6599463393695	5.87090982243967
150	490	23.8729072154101	8.03719415610179
170	510	16.2966608844897	7.43559320543737
190	-10	21.6335290918284	6.58915987886645
210	10	36.5315152862458	7.06177145069728
230	30	29.8545165470127	10.8898480393012
250	50	27.6530000158194	8.06389258313522
270	70	20.9089773820197	4.73486324701646
290	90	30.7922323959942	7.06315138087354
310	110	29.4138574215719	8.2239618600893
330	130	18.0053787640569	4.2686510980441
350	150	20.3059982981677	10.4676710663631
370	170	16.3866902204587	5.30360898898881
390	190	18.3646526666242	7.55218649072527
410	210	27.7141347163484	10.0413419657592
430	230	30.2758325495336	6.65598095949148
450	250	38.3334685157996	5.11931999393525
470	270	37.6151049556183	3.76872658055249
490	290	36.415175235449	5.04918475630483
510	310	35.2102401824315	9.29460256827244
530	330	32.777758529951	7.49502767806822
550	350	31.8750792699395	8.12281441780316
570	370	26.6553864889135	12.0919811523004
590	390	29.4155250193228	8.11879921472168
610	410	34.4098696302397	6.08789565992576
630	430	26.4485526834012	4.28180427906543
650	450	27.3277611513716	10.3968523040652
670	470	26.7442900368805	6.16922082471843
690	490	34.2179646830099	11.4335738660019
710	510	31.2848676482639	5.03048815183077
730	-10	24.1839057914787	7.16361066982066
750	10	14.7479704931689	7.79711212833503
770	30	19.6591649378423	10.1877025668811
790	50	18.1197622759458	5.152261331134
810	70	18.0019625712057	8.15254333173117
830	90	20.6028737588104	10.4440527084192
850	110	22.5563196358401	10.2900681573899
870	130	20.6772752506139	5.20849218919807
890	150	16.9566847179	12.0880254977716
910	170	23.2091945311045	9.46326973739837
930	190	28.8977207225508	5.35817237888411
950	210	21.0849710383032	10.3253236400414
970	230	19.8295964920059	7.12837054184752
990	250	22.7405010462044	9.75357287902632
1010	270	16.9548519668655	5.33903639216912
-10	290	14.9073882269505	8.95020465217773
10	310	25.2309607292713	7.24339765787851
30	330	27.7465911077293	7.89556144526473
50	350	25.4835236898837	8.08406925772688
70	370	24.0386817182069	6.30144388449612
90	390	17.150279075221	5.38742392373515
110	410	20.834474138186	7.11716657089584
130	430	16.0361784676454	4.04023442362779
150	450	28.923127245027	8.15037994038747
170	470	20.1317382918569	10.2806825895289
190	490	21.4068066245631	7.6780446809565
210	510	31.9228897306865	8.33995613725072
230	-10	34.6933524547528	6.05790420583431
250	10	19.5606393187143	10.4370028650574
270	30	17.8665410607195	7.17912029206504
290	50	24.3815533438174	5.4063351577183
310	70	24.7554258950772	6.62216059937374
330	90	22.7556642064508	6.32747417265273
350	110	30.8252535231892	4.09150778118649
370	130	22.6586356972748	7.8552187416489
390	150	26.2656340825404	7.42771155012268
410	170	21.9627162459827	6.69125345968182
430	190	27.7517124498021	6.56393074776325
450	210	27.5507950920097	5.81109761180753
470	230	28.3792533594186	4.11503805262614
490	250	31.3820176549796	4.83064818755625
510	270	27.6954882260941	8.69826827038673
530	290	23.1595349263529	9.13880962874065
550	310	31.8718588623532	5.4331491534849
570	330	31.302971713569	8.31181311857417
590	350	31.3774752453044	6.58903869928554
610	370	26.1617696828378	6.97136106419991
630	390	19.6394899597471	6.11932112083227
650	410	23.801336509303	6.60456418371994
670	430	28.4384063250969	4.9048897961094
690	450	23.7139862181769	9.04953089602964
710	470	34.7792373263256	5.29095997749332
730	490	28.3790244654605	8.8359733524971
750	510	22.989621185333	5.40112459528068
770	-10	19.0077340710364	5.95046456694823
790	10	20.908680593269	7.34149583700387
810	30	11.9224654893771	7.05974966972575
830	50	14.9769722628854	6.74846003836408
850	70	16.0567504443384	9.07726776304304
870	90	19.0644481624842	5.87175651764758
890	110	17.9776212644908	9.29598247965325
910	130	23.9864242205198	5.39330726686064
930	150	19.9367743915456	5.45711122232354
950	170	18.9755312369384	7.72201165204842
970	190	21.4968726755727	5.22811027653208
990	210	23.6664753024604	5.15759120191394
1010	230	23.4310070662892	10.0626396629441
-10	250	25.7413923117302	8.95457996699482
10	270	24.1725756216191	11.6785448533964
30	290	25.9536667673211	8.06749866380812
50	310	23.7635305076986	7.57976414993059
70	330	22.9807820673377	4.75971897745068
90	350	14.5737958845576	5.39449647865257
110	370	22.831594159184	4.68651863724796
130	390	20.8241628591922	6.55226611044562
150	410	18.934249746101	7.11239055364135
170	430	21.3346008588683	7.75989245195927
190	450	23.5649681871674	8.49171007686729
210	470	19.9654555910749	8.25643157567002
230	490	21.7476076521963	9.10174663305998
250	510	20.1512540527465	6.99178938837655
270	-10	22.907017077661	7.33423204450393
290	10	25.9101175984418	7.31308506044247
310	30	24.3820748019479	7.24186268754547
330	50	24.650951649913	7.00285330591546
350	70	19.3997154501012	7.47655505273764
370	90	21.1881439315053	9.67408047118869
390	110	22.0307652660018	7.51932874676353
410	130	24.7801144703142	4.10614412110682
430	150	21.0335625505495	6.81937203012576
450	170	24.7097177802865	5.79723389177431
470	190	25.6216047982118	5.24774988164356
490	210	23.6542685545663	5.50115400033509
510	230	19.6078773839471	7.26289502245603
530	250	23.5828038462816	5.827373012587
550	270	29.0053090933655	8.21676451052202
570	290	34.5769505187322	6.41417403047598
590	310	30.3306387059383	6.63658513348973
610	330	25.6696170810673	5.84266880285219
630	350	18.7347728983056	5.92704199128826
650	370	22.5791336756595	5.92798018168503
670	390	23.9109803079493	5.38827796696219
690	410	26.7582911592728	4.44901829193968
710	430	22.4628750343664	6.74211329641586
730	450	27.9572373300228	8.17815951143296
750	470	26.8314927920329	10.5890966707952
770	490	26.9950517883604	8.59534902702648
790	510	27.053146386549	7.99565742512721
810	-10	32.6543185933936	4.59076935581389
830	10	23.5304224811694	6.82414338270543
850	30	17.418661780864	6.86834885626492
870	50	27.9225524750817	10.3842399846803
890	70	21.3244509502816	6.29990052975422
910	90	17.4304725487869	5.67756242267014
930	110	20.2319524346421	7.90867900984247
950	130	20.1100341387752	8.90283874672611
970	150	18.9525706331922	3.2035465800162
990	170	19.0215611818649	14.7934885586977
1010	190	31.0363271287087	10.6025803573779
-10	210	29.2113892390011	4.25948931396775
10	230	26.2883253299264	9.10415810116063
30	250	22.2321473146979	9.47083336600065
50	270	29.9500677214888	5.20993889256552
70	290	27.8050134981007	6.57732241986882
90	310	19.1587520130894	8.40690986451362
110	330	20.8822715403621	9.47627518481006
130	350	21.7888273739157	7.32563876881953
150	370	24.1912955805652	10.3866743435525
170	390	20.6627296053855	8.07555848201392
190	410	20.9707432598219	7.59206007948815
210	430	18.5549128375137	11.2654335247105
230	450	17.7733472062113	9.16855238290222
250	470	11.4361034070161	6.37711920704514
270	490	14.3618712751728	7.50460599708543
290	510	17.8581531450085	12.0819108722214
310	-10	12.5131110919388	5.83528439192616
330	10	16.6006964157219	5.70059506133217
350	30	10.6286819067934	4.8278923144415
370	50	15.5960100002815	8.65907991623743
390	70	23.9243041365009	11.0978329376057
410	90	15.8790343136895	7.59576895424432
430	110	22.4761823060459	10.575504176737
450	130	24.7881518049885	10.592926079564
470	150	23.1693122561653	9.14735859359971
490	170	15.9971103677774	5.40929875833634
510	190	19.8785274740807	8.59623907076952
530	210	19.1185583694955	7.0279391344514
550	230	23.582148061193	10.3745491391377
570	250	27.5194003318844	10.2257578712437
590	270	34.3253960508571	5.57428524069762
610	290	26.2304367042484	5.383691535841
630	310	12.8115327227982	9.69576417313717
650	330	23.3814022895985	10.5798335925547
670	350	26.6020620811673	8.80535492593024
690	370	18.1884175893836	7.12008033031995
710	390	23.2992430233298	5.7354775116462
730	410	25.5963612277765	8.49027151476486
750	430	21.0173598761308	10.0906286586962
770	450	20.5067048572359	10.3960664238961
790	470	24.5131604355738	7.48953837351246
810	490	32.8129689687476	7.38911900281371
830	510	30.0753743306019	2.97315755021563
850	-10	23.8010404459635	6.45397116753132
870	10	31.2196864689801	7.91809832843362
890	30	19.7962523924557	9.50984672251003
910	50	23.5836830861945	9.18041465592228
930	70	26.1657922906326	7.58838329098372
950	90	21.5740487808572	6.04771699829693
970	110	20.0400780722252	5.53205297857703
990	130	26.1612595744121	6.2839302311034
1010	150	27.70879333955	8.26912671565091
-10	170	20.4470580264489	7.09694303244591
10	190	21.965321909233	8.15126354565156
30	210	23.7623670379123	9.86229984473125
50	230	25.2879553331756	8.35973968206554
70	250	28.1962136065001	8.79596261904615
90	270	31.9968900890786	10.146818191985
110	290	29.1722227443176	8.41167865876285
130	310	19.1391882524235	9.55457678635103
150	330	24.7449310590636	7.85554396430999
170	350	19.7843529558229	6.19624800211969
190	370	21.1109743347471	8.82696491961481
210	390	20.6670109435368	11.0427170706457
230	410	22.2086338410666	8.86175126836263
250	430	22.0579566144896	6.19217391747308
270	450	22.7970869062437	11.2920653836458
290	470	23.9574594567762	11.775197152579
310	490	27.5525021474435	9.76322275217594
330	510	22.319303365213	6.32659717295832
350	-10	17.406027418665	6.8386377733112
370	10	16.8432262447172	10.4381481658606
390	30	30.1701314916677	9.68550027387541
410	50	24.1890028149511	11.1933367826654
430	70	28.1033308209113	3.37536211570556
450	90	32.4512516131586	5.41794588178728
470	110	30.6196887837384	10.6246590543658
490	130	21.0088067139036	8.37033305789054
510	150	17.8559263394156	5.36415130558624
530	170	19.6233684202647	7.11353027024754
550	190	22.389234571258	9.58153555402915
570	210	25.4174063583116	12.0014869757399
590	230	17.6593163529124	6.47650103354152
610	250	24.971223220901	7.9981873743695
630	270	23.2218419155511	8.52796629064905
650	290	29.5810296445996	10.9375874622586
670	310	28.5280138184321	4.25749782318545
690	330	17.8924831916938	5.91609725530408
710	350	17.1704145399319	7.91755565536892
730	370	20.5850421666862	3.91976483740988
750	390	26.3244197265867	7.94259779139433
770	410	22.9330392831842	8.09270513511791
790	430	26.6727778854294	5.66871647659625
810	450	30.3200879563878	11.7733740279508
830	470	23.755401549202	8.32105075816972
850	490	24.9641336329289	7.51756312308874
870	510	28.1956681055488	10.9743880474806
890	-10	18.7716163764052	8.03817253497722
910	10	12.5340312196339	5.18716285776468
930	30	23.1478091151854	5.1378526821115
950	50	30.828499079745	4.60974103784554
970	70	22.6854447297567	6.80595576001083
990	90	18.1934683389673	6.250902664766
1010	110	20.8846118612583	7.25812403885401
-10	130	28.6432308072979	7.22570273869169
10	150	14.9934041118906	7.63215497689672
30	170	19.9796921155185	4.50953673222969
50	190	23.5004560014105	6.61684529882651
70	210	17.9991636319809	9.0749135235834
90	230	19.9298814442094	9.77641287403619
110	250	15.7399872053463	6.39349617268166
130	270	16.9008167437314	6.39976598225801
150	290	25.5148650244189	8.13437737583688
170	310	22.036509477299	8.78721719844327
190	330	15.2191037993445	5.99128019967633
210	350	18.8636702779033	7.91923859628888
230	370	25.4771651691334	4.27251490360906
250	390	25.7952955456216	4.97411756410182
270	410	29.1582141258747	5.48415363266755
290	430	26.8265692475062	5.74399680324303
310	450	28.299527779118	8.21845987113959
330	470	22.0445211855634	6.72412985907503
350	490	19.0622186564168	8.01737910900309
370	510	27.1513009701135	6.9115151084986
390	-10	34.6920778670401	7.24381615831957
410	10	22.7310369421496	9.04102313297922
430	30	30.6103452498768	5.65941250361862
450	50	27.8901534549293	7.13774196213129
470	70	23.7063677472415	9.73079928427235
490	90	26.0602091739052	7.55793179705127
510	110	20.8249803075251	5.3565470589456
530	130	28.1695652739175	7.48517940143503
550	150	21.4499290125372	7.99182303810954
570	170	14.6883652006147	7.03982800894511
590	190	21.7897525897211	6.46408892055758
610	210	24.3744014266468	7.02956657197146
630	230	26.2453995069184	8.20157057370684
650	250	27.3631512972425	5.33267683388295
670	270	28.666940640977	2.99682387769126
690	290	20.6286809396602	7.1482097353502
710	310	17.7546673514282	7.09070267350361
730	330	27.1694322724328	5.13700669885391
750	350	21.7587547021921	7.35472764834008
770	370	21.845643746036	6.16360069978964
790	390	16.0419759846965	6.41145361958252
810	410	24.3072327735999	11.2941462222113
830	430	31.626784619177	8.34904575844655
850	450	36.6889982767115	3.58219741454328
870	470	27.1217963316235	6.84205338208111
890	490	20.4699674271069	5.67284200414201
910	510	19.8705960513345	6.7646330216817
930	-10	26.1561868283102	8.53646224078999
950	10	26.1335634892605	4.33357234493354
970	30	21.8560855073749	7.72234307585671
990	50	24.8186929992555	5.53515518268425
1010	70	20.8736121775259	6.07493882649662
-10	90	29.7821084998401	4.19632732359716
10	110	26.4355058050677	5.1548139089516
30	130	24.2774779803703	5.11337915363302
50	150	24.3015612983893	7.63449878455219
70	170	15.630739045735	6.6126053685442
90	190	16.1955972862812	9.59701643846379
110	210	25.2741010224571	7.18146557528089
130	230	20.6617519102125	5.91003268544621
150	250	26.5037033959912	5.74337383467937
170	270	22.3943329145324	9.56591863723299
190	290	22.4418293942524	13.9561784423614
210	310	25.961627154838	8.32957752881824
230	330	23.5154904665753	4.15536290351253
250	350	28.5311790458732	7.76464790646381
270	370	22.5614172169326	7.96411960168173
290	390	22.2995364207142	6.57187706682941
310	410	28.4066901198447	4.76755509718047
330	430	26.8597710042156	7.37477701879109
350	450	26.5555990739991	5.40630975082544
370	470	15.8366925039736	6.22160085837954
390	490	25.6881233601726	6.77607860764659
410	510	26.8316760429678	3.88640541939637
430	-10	33.2258152436121	3.95944440348843
450	10	35.448715349366	4.71930351610731
470	30	20.9453393172839	8.98143529563768
490	50	23.7002430526597	7.72995481972001
510	70	33.3752984403972	3.76017468741272
530	90	28.6772126289678	5.01927533811328
550	110	27.6159745020331	12.3400502310901
570	130	20.2460334467201	10.2613483648208
590	150	22.3413306015606	7.97894014076965
610	170	31.107942628529	8.79920621700486
630	190	32.4772514623587	10.7055719345776
650	210	25.1188102366079	5.5665674154692
670	230	28.4336224719808	4.56377109355511
690	250	19.5422507201785	5.65217306898672
710	270	18.9890518840044	6.11579772939037
730	290	29.7250139450482	7.42066622830136
750	310	25.590904610112	4.62534992562798
770	330	24.3026127895745	4.36540369476954
790	350	21.7054476604443	5.62692388874212
810	370	28.6066600038136	10.173771644628
830	390	37.0053412307694	14.1788585577825
850	410	25.3362016967652	8.34265600577409
870	430	22.549991805409	9.66793911450911
890	450	15.0620152690323	4.50616864170639
910	470	22.923245786271	6.31064688036894
930	490	26.4245668504065	9.05231256803954
950	510	26.7582519955526	6.21804154795228
970	-10	25.3438022556703	4.28471726092106
990	10	28.2573903921936	5.9994699848909
1010	30	20.9629209865051	4.77357119863421
-10	50	27.1765240271471	3.1249466100809
10	70	23.3341429694288	5.82526510318017
30	90	18.4506533140696	5.65832558012684
50	110	20.5369418586496	5.24312096866681
70	130	23.7950015889142	5.29692471703165
90	150	19.4293641909587	6.18286336736198
110	170	24.321361444013	13.4041841560767
130	190	29.2468580122856	7.84056946431398
150	210	29.8957971082307	3.15026023172495
170	230	18.6166165485401	7.71831480455354
190	250	25.5120456956941	10.215707355214
210	270	23.6115319563592	6.79151402402347
230	290	16.9096145705646	6.89394775924438
250	310	14.4690420823159	7.75971492327952
270	330	19.8849144247106	8.23126584261743
290	350	25.5268494379674	7.07531690012846
310	370	23.9964726422489	5.56960694790974
330	390	17.6430231255358	4.96018181716973
350	410	15.5654513922562	6.02309650057488
370	430	21.4154836417902	7.72014709326494
390	450	25.3669728162627	8.61701285040229
410	470	23.6579445104968	3.90608089594631
430	490	28.644170528893	6.76431396283171
450	510	33.9054067784057	7.06834439451414
470	-10	12.5142899741482	6.70236990906346
490	10	13.7819353332823	7.87959706820311
510	30	26.3245208876609	6.18857547420375
530	50	26.1809773010436	8.3848820342211
550	70	31.8188421679348	9.64918160849091
570	90	35.8781124459715	4.59314215730681
590	110	24.4618436917529	7.0214004121788
610	130	26.1612043787967	12.515085868693
630	150	39.424780688622	6.39882049837703
650	170	25.1334738525876	7.40356590388741
670	190	24.5732494895958	4.69063173351891
690	210	17.1299844372474	5.77329112668525
710	230	18.1191147790055	7.01900219993658
730	250	27.8211457117075	5.96059973562018
750	270	29.8066814888554	8.01940932595456
770	290	25.804019019573	4.36260099987171
790	310	23.8447346161707	6.47533545437989
810	330	25.3418502443952	7.21971594641052
830	350	18.4833674168516	8.20416034112707
850	370	30.4048598697666	8.31526803589777
870	390	29.4781627272423	8.58861490792122
890	410	29.5295447977439	10.4328200252454
910	430	21.7719898515567	9.21607710354176
930	450	27.3075107987375	6.22673104302796
950	470	28.6698851599594	5.07366377140389
970	490	17.8111073127451	5.66051025198947
990	510	17.4932014480485	9.79664901158802
1010	-10	17.3306970014828	6.76051472932013
-10	10	23.7130438836403	6.88931082827745
10	30	17.6085466856516	8.99537161662885
30	50	16.9617619504048	8.43555143498937
50	70	16.7765575874882	7.81850721769951
70	90	17.5088223575717	9.1042782552199
90	110	17.4457770581515	5.2296694444121
110	130	23.4205315507512	8.97972150602584
130	150	26.8921540564316	10.5574459197552
150	170	30.1303945516759	6.03436123375956
170	190	22.2836807917696	7.90031072762677
190	210	11.0291859222382	5.80677475238272
210	230	25.5618052902146	8.00554157792972
230	250	21.2348796567945	6.92579672172324
250	270	9.74675971810607	5.46893639887303
270	290	9.52724429057632	5.31971751242291
290	310	16.8412278236912	7.64232511833586
310	330	23.9956269780361	5.50055965111339
330	350	26.9820223932351	6.98603599563305
350	370	23.4084237349661	7.64471977447139
370	390	23.8826385558658	8.78334932891218
390	410	34.2291153984487	4.21224859197018
410	430	24.316024337814	9.06923960301315
430	450	29.6668038513123	6.09349434770379
450	470	18.2438382251971	8.22549819672975
470	490	21.4253324703758	11.8837098254775
490	510	25.5005902969375	13.6578730313589
510	-10	30.8793011798878	15.7013481934286
530	10	34.6935492597957	10.3851775639619
550	30	21.7276335139497	10.9759196140045
570	50	31.2510272301652	7.2439512243855
590	70	25.5551473623236	4.96419030774938
610	90	26.7860290663718	5.04365332174179
630	110	20.1633762075506	6.79181745357726
650	130	22.5098486179628	7.59624114972408
670	150	28.5814042092317	7.29437569093465
690	170	17.7529147393417	8.96954848316016
710	190	19.6626785520764	5.31333336298002
730	210	27.0443371891147	8.50409016187222
750	230	35.4111765280973	5.85865735884384
770	250	24.3293576843807	7.44866471618699
790	270	27.862446576055	7.0051528192639
810	290	29.5780590114196	5.66969940199661
830	310	22.9679926064424	12.7431271354158
850	330	28.4365818163844	12.0683054319407
870	350	37.5419346071639	3.56677975928929
890	370	25.6337947371937	11.6459633815028
910	390	22.5151950370235	8.77696722541253
930	410	26.8118806249927	4.17984317081358
950	430	27.7233019316445	5.5767664407042
970	450	11.7201493052054	5.43403872864949
990	470	14.8728015259456	6.87967543475512
1010	490	16.1876475526418	4.1579178575681
-10	510	17.4922232947547	4.49962935497872
10	-10	13.9775191533412	6.64082398488205
30	10	16.3471541737137	6.00229646208224
50	30	16.2123544914602	9.11323470005687
70	50	25.4325606769459	5.90921202921363
90	70	20.4343185758165	8.11662215499785
110	90	14.8943735707954	8.33916157788262
130	110	15.6782969045781	8.29390341932084
150	130	15.7960088553708	6.39457326970143
170	150	26.3896878603317	8.28443193778857
190	170	26.8756452740363	8.39227453287941
210	190	24.2232628815697	8.76054623701976
230	210	36.2714149558438	8.85787841548913
250	230	24.1736888472586	13.0157655271221
270	250	19.3669510705942	10.0028027286257
290	270	13.6344479542858	7.32332430291043
310	290	14.8993634705984	6.7794274879409
330	310	32.8975344994099	7.50681326035569
350	330	27.7568229970771	9.60810844180534
370	350	23.5205344873483	5.93027837545935
390	370	25.9654756002417	10.4140199171741
410	390	20.4148157598956	10.672419317856
430	410	29.4030342427834	8.37407862466863
450	430	22.3618847071355	9.06577514871165
470	450	30.1859754712011	11.3610053554838
490	470	36.8646016671144	5.49259115114026
510	490	39.6374021634326	8.96088423631494
530	510	27.1394530219615	13.9173216107278
550	-10	20.9041820067753	10.6496581092285
570	10	15.631304872545	5.7315471603262
590	30	20.2041727727077	5.39517781594297
610	50	20.4349739021673	5.78125159481118
630	70	19.5121980881146	5.73696950489302
650	90	17.6584567391056	5.67195992389402
670	110	27.9936514739839	6.00704770506463
690	130	24.5089020229972	7.59514013658402
710	150	21.8354141644475	5.89315757886653
730	170	23.2034721306324	5.55365593560852
750	190	26.9180268515897	3.62614826744748
770	210	27.1827839113631	8.66539742767912
790	230	27.2102392823599	4.95570027434758
810	250	36.5983044318433	8.3781544891283
830	270	34.453173349299	6.9310820622713
850	290	27.8116270199788	7.78466406673797
870	310	28.7575049482722	8.38075156358865
890	330	22.8796160140128	6.1065756322613
910	350	18.1423426123338	8.14954572742762
930	370	19.2258479916706	5.72529630374724
950	390	18.5602107164521	9.33283619498739
970	410	16.9751307452447	7.63353565168683
990	430	16.6751419855324	6.75012185986811
1010	450	13.5229916190912	5.218978482298
-10	470	18.5533021982776	4.09217079886434
10	490	14.6067006388629	6.06278188856168
30	510	16.1554636753541	6.71099466392721
50	-10	17.1325382054622	5.31109974920887
70	10	17.7189818957119	6.42793699017109
90	30	16.6344415340783	8.69195617288499
110	50	21.3906627666394	11.0546770124946
130	70	15.7129106084072	8.22405735477706
150	90	13.6213768588751	8.90529687417315
170	110	28.6826203225978	12.5901322471659
190	130	21.6837648772436	10.1402661005624
210	150	30.8160455107097	10.2925879001854
230	170	38.2283563744584	7.13592184539417
250	190	22.7396957882348	14.7293555508922
270	210	17.6976331284645	8.64230462175097
290	230	18.5358279367426	8.29953788748989
310	250	16.8771501891544	7.80702498855007
330	270	21.531837558841	9.48954526606374
350	290	20.2875908284344	8.68988238370603
370	310	22.190017921425	5.74080673199843
390	330	16.9841447574498	7.57791167374962
410	350	20.1754661097901	5.16401441945475
430	370	21.4835908224945	7.2448139503277
450	390	27.4636755586262	10.1517318431199
470	410	25.0382180358826	6.27615504115246
490	430	24.547419050836	9.74339737617379
510	450	22.7143089256552	7.89948708120285
530	470	36.0137309296957	8.67279236701293
550	490	29.530353946932	10.6850882075283
570	510	20.2470558886258	7.32503196520184
590	-10	15.0908626779899	8.63618610719785
610	10	18.8246724103153	6.31908385912735
630	30	26.2998984873828	7.53073204712858
650	50	20.9602604931374	6.05142680397282
670	70	20.3318967711251	4.64771843236469
690	90	21.7915983880052	4.83872362050203
710	110	18.7070985371685	5.01021067955124
730	130	23.2858622349244	6.04795719615473
750	150	19.3637319646265	6.93192807254843
770	170	19.8539438302609	7.80888560874156
790	190	24.1451906266729	11.2370258255371
810	210	28.2193519069516	6.2548889070533
830	230	35.1126973369034	2.71000680497633
850	250	29.3203936322088	6.04318308330613
870	270	31.548356628418	8.21935860407652
890	290	22.1186198017685	8.14765563637832
910	310	18.9815017594126	7.55394228031389
930	330	20.1593990140307	6.97556397294135
950	350	22.8932196169174	10.2755152783707
970	370	20.1404158788262	7.12513127917503
990	390	24.8330329857138	5.40107461410212
1010	410	21.9386378101701	7.15947366460144
-10	430	16.8445069777444	7.07843891227318
10	450	15.9692256484273	5.09913165262284
30	470	25.6550180308277	7.66002181002601
50	490	14.9449587915718	7.60401223248394
70	510	19.4454016176923	5.33497160398074
90	-10	16.0746019804726	5.10176941154407
110	10	15.0872162835008	5.28695962056156
130	30	16.5455181163496	5.6584565729269
150	50	19.4259823781139	7.82030670234719
170	70	13.7434307549182	5.62280623380471
190	90	22.8324575869305	9.06266843685028
210	110	27.3921058101711	16.8631451185659
230	130	19.4595037617537	11.056579501375
250	150	11.6301257393921	6.35450201300836
270	170	12.3364024096946	7.28501709015038
290	190	24.3456953410477	9.20480641953488
310	210	26.7143303803915	6.98061750882587
330	230	14.5396496527481	5.51185506310924
350	250	19.9770284067436	7.33534279910408
370	270	16.9838336963521	6.30123729954557
390	290	10.7106861087985	3.71680752272257
410	310	16.9952434475396	7.93029411603129
430	330	21.5139031373283	10.8272856770597
450	350	27.1785300594811	9.57834574787482
470	370	30.0283969019234	9.07133521085782
490	390	15.118792767037	6.91776432022317
510	410	16.3169205954437	6.76508434735824
530	430	27.0967422849017	10.3521709946846
550	450	30.3929667483257	5.77782134585968
570	470	25.4251222733589	7.9672969619171
590	490	23.720740053694	7.97576614947086
610	510	20.7216611542081	6.14285341166078
630	-10	23.0759365790177	6.1237615438391
650	10	16.4097178318058	4.94527881347383
670	30	13.6468894541796	3.81822244717811
690	50	22.2127448406807	10.1882702600832
710	70	25.4867699601326	7.04925638002324
730	90	19.2925446708247	6.19871908463673
750	110	19.7298729253502	7.31353345025145
770	130	20.3321211389657	8.84555563787175
790	150	28.1694434778693	7.62077526961911
810	170	23.166765951329	7.98617930962006
830	190	26.4670260780736	9.14246157846424
850	210	28.6494319533165	7.70560511562896
870	230	33.6931689325842	4.8375400903398
890	250	23.3610195762233	6.91057283456849
910	270	31.6888396989506	5.34125317345482
930	290	21.9819321512111	9.50544224704048
950	310	27.7982347217548	7.55135269142075
970	330	21.2167644315112	7.1541415517408
990	350	27.1394321793951	6.2059628750874
1010	370	26.2171561088676	9.09162197029147
-10	390	17.4022818358248	5.30449070830315
10	410	21.0171502621905	7.79184052995455
30	430	11.8217161737345	7.25831871423652
50	450	17.1703395718496	7.68185731184771
70	470	20.1005058947718	6.25178218045452
90	490	14.449337530657	5.7792479144901
110	510	15.8613177090203	5.29804084063349
130	-10	19.2075103971904	8.03177427349735
150	10	22.5249575875367	6.24776917104102
170	30	23.0167946051225	6.38543392739533
190	50	19.870254652976	10.0529791389443
210	70	18.3130192564403	7.95957474884043
230	90	20.7167249101868	8.23561763774187
250	110	11.3678663100363	4.09995387115788
270	130	17.8105717860717	7.00122325270146
290	150	18.4244439269959	6.71663879115008
310	170	19.5458029935471	6.63519596546719
330	190	15.1228029419673	8.20030417305311
350	210	14.2201309840516	5.1682039146528
370	230	13.3419457610811	7.34387932239924
390	250	14.8829899656264	9.03023263540308
410	270	21.5855787426855	7.90124045429812
430	290	22.6726565576002	9.35234755537043
450	310	24.9620956057233	5.8388439292508
470	330	30.6425989645358	8.57069596537706
490	350	18.6335307919636	6.81917176078255
510	370	21.627991857595	9.86473504432407
530	390	23.6445526926141	6.78788500592828
550	410	34.1533448659675	4.00941865144729
570	430	28.1795806718086	8.11427951165566
590	450	21.2171989251509	6.97823597750819
610	470	27.3548065882572	8.69467562702837
630	490	17.4174543666745	5.39900346757414
650	510	9.3248990101516	5.62125903446552
670	-10	11.1381747066797	4.07043944466883
690	10	19.3949148608059	10.2068719818932
710	30	25.3709265776164	6.51178161157023
730	50	19.9657428472494	5.3407747626674
750	70	29.9993764913307	10.7040415666148
770	90	28.2532398333734	12.7242871284761
790	110	21.30510670303	6.469956207559
810	130	24.9851364166048	5.47560134964508
830	150	21.8500469885848	7.4545158497901
850	170	27.0409221039273	10.0172886492989
870	190	28.6902888475132	11.4177187421152
890	210	23.6632486413465	8.44150727085313
910	230	23.4164584268761	5.7216230224136
930	250	24.0330267806749	12.5588416014456
950	270	25.5255174017473	12.2337576298443
970	290	13.7275127891988	5.82630579895532
990	310	20.0490389402479	7.95110258832268
1010	330	23.270260056436	5.07414645957425
-10	350	27.4655619102408	6.27212825122821
10	370	23.9035730408786	8.1454044355083
30	390	15.3970628307218	5.91023540518037
50	410	16.6185334261557	6.28786002791147
70	430	13.6769038869146	6.83128426383202
90	450	18.9188221270339	5.05667963225618
110	470	13.3369682262296	5.50047838472185
130	490	14.1516159355909	6.36412378141968
150	510	14.774121820359	7.60774168502153
170	-10	21.1696202833133	7.70175959359085
190	10	15.1908087494738	10.9698889471269
210	30	9.74471417190437	4.28324967257413
230	50	17.9585138077126	8.31032864477995
250	70	18.6293758336882	9.52790879862319
270	90	14.7763833625813	6.52534019729967
290	110	17.4585335439429	8.44133163168603
310	130	19.3939431602076	7.39336692650563
330	150	19.8941287881569	6.35090196595812
350	170	24.4988100347304	10.830690609062
370	190	15.4438550385975	9.68314538301498
390	210	14.2421624817047	6.46581124818943
410	230	21.5283455694289	6.1764355869293
430	250	29.9463793899421	6.93785260134005
450	270	28.4781039803488	4.07238755773589
470	290	31.1221769282214	5.26294487872303
490	310	26.1119510904948	7.80943798059658
510	330	36.2161956236416	3.40468749750042
530	350	29.1980211255066	4.67670022979678
550	370	24.6119340190075	7.14664996445933
570	390	22.6668448311942	6.30544373996403
590	410	17.8816768269551	7.48981278231278
610	430	13.5737003825482	8.8695569508319
630	450	11.9746178939169	5.91182137188125
650	470	20.8087195084268	8.04408448070207
670	490	24.0619315454775	5.94245515544262
690	510	23.3873800972769	9.0975582565105
710	-10	34.0610341344083	8.99015253899947
730	10	33.1607788957868	6.75803057681362
750	30	34.632433485447	5.61010218797901
770	50	27.2735979536243	8.8675764740403
790	70	13.6469980845057	5.40035875887829
810	90	20.1724174235638	5.62846085057198
830	110	26.4482994794726	6.91441521008165
850	130	30.7408030987503	5.51993151860392
870	150	30.2722561148354	9.2321319450447
890	170	24.4457123521695	9.73035189076265
910	190	30.8350223596712	6.32148753306883
930	210	22.4796807509496	9.564706289498
950	230	16.5002701746432	11.5716550976553
970	250	19.8527684521974	9.69150641219742
990	270	35.2257373719944	5.52345291727776
1010	290	23.5234320313112	7.54850018659193
-10	310	23.1617035592047	7.44545477718528
10	330	26.5456974563674	4.17849879529589
30	350	23.1009148560783	5.12164841487736
50	370	13.1982445316258	5.96929838301569
70	390	11.1207841890216	6.32198434041261
90	410	14.9864595490866	6.56194735524172
110	430	7.74187622373367	5.62580251821676
130	450	14.2360839707376	6.12179752587151
150	470	18.2887944635355	8.65628542303207
170	490	15.5556589696708	9.06852241391464
190	510	34.0996584031409	11.7374536868355
210	-10	21.4988668295928	10.6544510591818
230	10	19.4861930021345	5.68402080786214
250	30	19.2015944055673	9.27099716405601
270	50	22.8467341403147	9.73431189872603
290	70	23.0150492284599	8.1990176125135
310	90	11.7108202482525	6.8261437706697
330	110	13.5674696406163	7.53254259732601
350	130	19.9719663239283	7.6668085347174
370	150	10.0835166681132	6.96885380514825
390	170	12.0937611387645	10.0877166209827
410	190	19.9019265350069	8.16409852821461
430	210	25.8113186803096	5.64675038048179
450	230	19.6675621676705	8.70351222645834
470	250	21.5517685679007	6.46249164347765
490	270	26.2087014312896	9.45885878920087
510	290	39.2392755790642	4.37213224049219
530	310	34.248197905191	9.40631233012546
550	330	27.2102695408265	7.6379791819599
570	350	20.2451915176528	7.50439493429278
590	370	22.5934841818937	8.54977407081939
610	390	16.1213428395034	7.97996417794088
630	410	17.5318893765977	7.81480364734598
650	430	29.0842209044137	5.56900906853477
670	450	23.0291675086528	6.77292950521869
690	470	20.0508500463794	5.4599226921061
710	490	23.1525912454372	7.18337783420309
730	510	17.7753801544705	10.0337216968207
750	-10	33.6306313295942	4.56696355997238
770	10	26.2305069575835	8.25650107166126
790	30	19.7062516743756	6.70156496823989
810	50	27.187974281652	6.7601899103802
830	70	28.8812714774654	9.95950508541131
850	90	31.0951577740606	4.02605152441144
870	110	32.028803875193	5.27249991989359
890	130	29.2426801906915	9.57827212165206
910	150	23.0978387493599	7.54822205563479
930	170	25.2526783796384	5.1415817396396
950	190	28.0361890821258	8.1278173507706
970	210	33.5886353054255	7.77553153934914
990	230	35.2041594943792	6.96058634755838
1010	250	30.0045517793597	9.17166236300183
-10	270	24.6929724550496	5.29187471621223
10	290	26.3104807076175	5.83552767142306
30	310	27.1745061774003	3.77402475763334
50	330	16.6749564147161	7.52913343021437
70	350	14.2453482740567	5.37165702910144
90	370	16.0494471075518	7.5231617728844
110	390	25.966261364237	10.1313655198488
130	410	33.8028851127435	6.99747944695204
150	430	20.1851426868003	6.5962910760695
170	450	19.9436399139738	7.38593711950933
190	470	31.5022258951742	11.4000517428816
210	490	20.3519943282763	9.10412345265024
230	510	15.8824848345517	5.71167003348274
250	-10	16.0803267477996	6.43013827455265
270	10	15.2526381779569	9.47089735079327
290	30	25.7090414962087	5.37013382982815
310	50	27.3564486415526	9.66042338213842
330	70	20.4645144086609	10.1530856978579
350	90	13.7180846834609	6.91083404016397
370	110	11.860676295897	5.99059648547862
390	130	14.9425131774114	10.0855544872753
410	150	22.1719018672879	7.6959283659218
430	170	19.7327646461949	5.71985682475512
450	190	18.963336807448	5.0577547398789
470	210	18.9264094514667	4.52975544788418
490	230	21.7275285313596	8.50723072694959
510	250	28.6140587557629	7.00403687181408
530	270	34.2248623860273	5.78209143798648
550	290	24.9464486964054	8.07099103038952
570	310	28.0964462825771	7.68527553422111
590	330	27.7548488840446	5.44718424478388
610	350	20.018807056052	5.96264400768593
630	370	17.4918729916585	6.27289457804502
650	390	16.4824362761451	5.18276697587658
670	410	11.0345163748778	2.7052998379425
690	430	16.033774032517	5.17186402947324
710	450	21.4180281819985	4.1584041429598
730	470	20.7612929661437	6.69599016296237
750	490	22.1219164942085	7.13438186515946
770	510	23.7292389446361	7.60512755969805
790	-10	25.4033727939458	9.68226730834444
810	10	30.6264627208539	6.16771676732909
830	30	48.2229634274556	7.71034415311363
850	50	39.6556108840291	14.9847635022991
870	70	28.3962229087549	9.2038470088123
890	90	30.1935089081023	9.14624920420018
910	110	23.7884163349837	7.8287074757374
930	130	20.2016365058846	6.08417631750745
950	150	26.941449295847	8.78129456262966
970	170	39.4829898322824	6.4434107995966
990	190	25.738901701608	7.47403784539641
1010	210	32.8794563104048	6.99971884282197
-10	230	20.9615165759454	8.16310005893442
10	250	23.6845084954634	10.8921063590722
30	270	25.566277157917	8.14198390947532
50	290	24.3282474627679	3.85758636605511
70	310	22.7428213867672	7.83127147196111
90	330	22.1005370548252	5.26100700889766
110	350	25.2394757025528	7.6553558898836
130	370	25.9919786212698	10.3143135291582
150	390	13.9021557244431	5.42684097449776
170	410	35.0552391665931	14.8966007600052
190	430	34.4795646765973	9.90884968463014
210	450	21.753019265835	7.4492189670217
230	470	15.8500870402544	6.14749468864855
250	490	19.3812424297011	3.57030163388173
270	510	19.3175068178148	7.19551000189347
290	-10	22.7471629759288	9.04428886606157
310	10	22.6983889718989	7.7991757199903
330	30	18.3987228242027	7.48390451195764
350	50	19.5356193944028	6.55342861022692
370	70	21.8997142166698	5.62899779951663
390	90	17.8559430377131	7.25032510370026
410	110	23.4476185394257	4.62751717533915
430	130	21.4418498989132	6.1375753041804
450	150	26.1738049473995	7.88842887315051
470	170	21.068247223658	7.85924089197308
490	190	24.8420262492993	7.17102633133896
510	210	21.7114748169673	8.90942804546644
530	230	33.1410093775335	6.70924825914379
550	250	31.9953562322653	5.75901549086883
570	270	23.6098460253324	4.8041800603058
590	290	16.5986243209157	4.67574641321618
610	310	19.8464708511974	3.31202239648483
630	330	24.9784844861604	6.75867258443753
650	350	25.418039649577	6.77997105839464
670	370	21.6916618991159	9.1164425150421
690	390	21.7131246163331	7.81563216091304
710	410	22.2952435960362	4.60441680638822
730	430	16.0952192228861	4.18889418199324
750	450	22.4577398927115	6.00959271815578
770	470	24.4546127576932	9.09294547734919
790	490	35.470572667657	7.1297325636033
810	510	28.3034047419407	9.53502338974888
830	-10	30.1673148146689	8.85682350799683
850	10	25.2877879456233	8.32908415841797
870	30	24.6986574417311	8.22776845519534
890	50	19.7465020945908	13.2756835835117
910	70	15.9109419776288	7.65748177765539
930	90	18.8372627690153	5.76506704263596
950	110	26.4567927598243	12.1402292708873
970	130	15.4377890608635	8.70060015342158
990	150	18.3053672548084	8.32861308274326
1010	170	22.6282631428026	8.35765573479537
-10	190	18.8991478300152	6.61429691944196
10	210	31.5402238862872	8.15005923464342
30	230	27.7591363082931	8.9516344652198
50	250	31.016298817215	5.0202253303911
70	270	27.8180257287731	6.12990657220858
90	290	21.7283638614173	7.82797489705356
110	310	22.4873592236546	8.39371257183271
130	330	18.4924490010963	3.79220482380013
150	350	22.8615627648695	7.5448399702262
170	370	25.2739400581428	10.3629619359656
190	390	35.125351094584	5.47724143102117
210	410	27.5475215862619	5.81991332393314
230	430	23.5487153266369	12.4262726917171
250	450	19.3675920988384	7.43884418180977
270	470	23.5813459788439	6.68744471102325
290	490	24.3293492943196	5.8135283645938
310	510	19.2627168066334	9.30506845229795
330	-10	14.2895210152468	6.04587454862167
350	10	22.1330121113267	4.86394297914525
370	30	19.5697214105752	7.63482650602307
390	50	18.4322013998931	5.29249384812813
410	70	17.6530952915771	7.23284641365191
430	90	20.9472460885981	7.22222106777538
450	110	19.5877268271271	8.9285378749519
470	130	31.860487512704	6.92026703676553
490	150	29.4200439165223	4.15805731417174
510	170	23.4194883238594	6.51577598356878
530	190	21.3111847014744	6.54864242309102
550	210	17.0491013906682	7.37824686795111
570	230	18.0332866998273	7.18631642321404
590	250	15.5386113550362	4.94707598039917
610	270	16.7124161084809	3.62679788059754
630	290	16.6285974466576	3.1724607167406
650	310	20.6913063769071	3.57795003806998
670	330	16.7703011051545	3.42906411042326
690	350	26.6046179671984	7.05832315298139
710	370	25.1670087085106	4.54209155850582
730	390	19.8102513530167	6.05449131658142
750	410	23.7504661294886	7.2155225560293
770	430	21.8276569021731	5.94196612757925
790	450	32.155732739173	7.68999851713602
810	470	33.4848552048502	5.7092184958483
830	490	33.741331300101	5.38822236262896
850	510	26.6767683678848	7.46490258843629
870	-10	23.3919836731866	6.32286711123144
890	10	14.2220816315819	7.12345081286397
910	30	11.8468671493758	5.81862094932003
930	50	16.4599611950962	7.1485486995447
950	70	35.5793915204045	7.59398125529973
970	90	30.4508315646068	12.6577880722578
990	110	27.9386815227368	11.1131156221592
1010	130	23.1517294814594	7.69120519556322
-10	150	19.515161456855	7.10409404482613
10	170	17.3435972333073	4.84706292834328
30	190	16.1307424793414	6.73472513556027
50	210	18.4272707790462	8.71772716850639
70	230	21.8609170226142	8.89143198788065
90	250	20.1016426230377	6.47439218041781
110	270	15.7389778266005	6.57874165662691
130	290	17.847259391171	6.31881334751294
150	310	22.821351800822	5.6124839312682
170	330	24.5401221494097	7.90991544599536
190	350	22.773401156201	11.4703226668358
210	370	14.2194339195335	7.12347789690203
230	390	14.1797434832394	6.22304238137019
250	410	10.2444807217398	5.83795464651607
270	430	11.5425768597479	7.04315695335057
290	450	15.3761767844813	8.86582830395812
310	470	18.020699855043	6.49994139559736
330	490	13.1332903364801	5.58496187457859
350	510	23.9965915880705	5.55978313576707
370	-10	28.1376012353225	7.30414333992521
390	10	19.8064078110332	12.2992889438933
410	30	11.0404620355267	6.46575753448713
430	50	12.6689712191054	7.63474591863182
450	70	25.1181574271239	6.92287445921763
470	90	28.1535482821422	5.06337879991098
490	110	30.8012843066673	4.13538653230184
510	130	21.8171764566976	5.0022891456154
530	150	19.3767755002701	9.3194946333255
550	170	14.0914095048043	4.69072547070935
570	190	15.801519387481	7.90970686802076
590	210	20.8076134084116	4.81758912323219
610	230	15.4331724619558	6.75515840449184
630	250	21.55437144002	8.29376588849813
650	270	27.2260200750508	7.35045142757027
670	290	22.5365068316341	7.55994447190885
690	310	15.1000022032055	4.05237399528698
710	330	16.9356465677756	3.7363134909893
730	350	23.3122826842353	6.42901163040707
750	370	27.1572953846391	4.11154266833426
770	390	24.7522064148373	8.42998576872435
790	410	25.0224952947774	8.6488788186149
810	430	28.9410731583627	7.12249963535987
830	450	28.2815979791848	11.0390407907574
850	470	36.0295741818986	4.4721376803934
870	490	17.6278159799737	6.98064584236805
890	510	13.7941334744314	6.61937232154981
910	-10	14.2417595462742	6.43319354794344
930	10	18.0716347490782	9.2214986921557
950	30	29.9558954839318	4.61248768027824
970	50	34.2913327699148	4.61413669675889
990	70	26.5727621038715	9.70487860748365
1010	90	25.3952771987082	7.79910843258206
-10	110	15.1727450250957	6.05018969391834
10	130	12.9789282365968	6.33547501720045
30	150	17.4352145682736	4.80937301163233
50	170	10.3078423250988	5.41822042617248
70	190	12.1674438385646	4.13441626243158
90	210	14.9169310887023	5.3956264026965
110	230	18.4848132575754	7.4122657034608
130	250	23.693340384096	7.60206087601524
150	270	22.3768205720358	8.46360784753323
170	290	18.3139558142441	7.01601392177661
190	310	18.8253882960269	10.5547517858556
210	330	11.9770947892948	6.75244817233484
230	350	14.1444862206619	6.03614615057061
250	370	13.3246002545778	6.41384210218449
270	390	16.3855180893778	5.83089679268668
290	410	13.4737005936472	4.73105857009727
310	430	19.9288039373191	8.60010194992762
330	450	25.4651188400556	10.6468537927087
350	470	20.015904331302	7.48148099422127
370	490	25.9157435139691	12.5269912802606
390	510	39.3368854890159	6.33607646429246
410	-10	29.3071768085438	7.95792897579901
430	10	29.6219499165631	9.88593010010471
450	30	34.1603533641584	9.49891567580051
470	50	15.6864516257293	10.1074209561352
490	70	20.9752637118782	6.94973061849644
510	90	24.3735173093764	8.64263628470585
530	110	27.8962085242778	8.97615285626463
550	130	21.0183224553977	7.10141342298747
570	150	21.3457483134416	7.2772662714477
590	170	22.8911430896808	5.48896438592422
610	190	17.6289375206683	9.50625550799181
630	210	18.2625273264153	7.72635101280132
650	230	19.8091300062769	6.14899612467393
670	250	23.1156236923203	8.86931160635637
690	270	22.5903573772048	4.76996857789957
710	290	18.1164563251939	7.36323590800599
730	310	15.7259769685929	5.94767994201221
750	330	23.4852102770232	4.0724303681097
770	350	32.4150843827703	4.50976954255852
790	370	29.5764355050535	4.81418447167002
810	390	28.9094261464912	6.94298699027308
830	410	29.8371194621657	8.6154521089124
850	430	31.4713533903423	7.00537581101302
870	450	24.5885318456837	5.93904934605163
890	470	26.6667887485963	8.21313031144019
910	490	18.0363037867011	6.17847167410018
930	510	22.7289596466701	9.78459847511374
950	-10	33.4903259322802	7.93492385028678
970	10	37.8838777528856	3.79348422208676
990	30	26.6966350112203	3.38888281453194
1010	50	18.9124781452319	9.66114425209555
-10	70	12.8058110654043	4.93197680873238
10	90	11.6767094071359	6.15631586503523
30	110	22.1207791234673	7.59050800531786
50	130	11.9427295855283	7.83412299692804
70	150	11.0028843869282	5.20404472650675
90	170	13.0077543953798	2.84638855769911
110	190	23.9471394164797	10.0509304102413
130	210	27.9534068860506	7.05382353953975
150	230	26.5461669740042	8.8902860084172
170	250	17.1748865773448	5.35428520241264
190	270	20.8839813641545	6.68164300347397
210	290	20.3712404828796	10.2563844731475
230	310	11.5445828662255	7.5656922108182
250	330	10.1840733396498	6.836967959416
270	350	16.2359880070464	6.85884037920913
290	370	18.3088181951195	5.33959110515076
310	390	19.551731880135	6.95838338464308
330	410	11.9612991908811	5.1500034003422
350	430	17.8268750293963	6.34852120551329
370	450	19.0146811461614	8.01757010764547
390	470	23.338186312148	11.0824654836838
410	490	14.8321474486335	6.92988205274636
430	510	23.8855078476543	8.41993591007397
450	-10	32.530651650907	6.05808878977484
470	10	20.6623919126175	9.28484256665775
490	30	18.4901844573944	8.12416858516233
510	50	10.8727940897482	7.39862419452209
530	70	22.6705310158602	6.10298216283914
550	90	26.5653077126496	6.94230798302581
570	110	22.0381309804755	3.30566146358035
590	130	28.2582628736903	5.69292422830786
610	150	34.5951161783288	5.50432197337997
630	170	23.1866386042333	11.7735656914333
650	190	18.9121969152941	6.44226219891511
670	210	29.2716115305653	3.1620377267137
690	230	28.5752050875197	4.09955444110502
710	250	28.6845343581259	5.15093853354928
730	270	24.2216275879027	5.75617644763169
750	290	26.6235815038747	4.88980244163862
770	310	23.7372516499494	5.06264333128798
790	330	19.5242402911068	7.27542222820208
810	350	39.2786378544161	4.98264221389503
830	370	31.6352751382413	7.5967579909527
850	390	15.977090434403	8.76443693381543
870	410	21.7479045258023	7.74403536314861
890	430	24.8782274020819	5.49844496241158
910	450	17.6203668073486	5.05472739818512
930	470	25.0270526329124	7.67654624944689
950	490	31.2087279030914	10.6702024922391
970	510	27.3825589146846	9.07507408129422
990	-10	25.6716060755861	3.15145381046989
1010	10	19.5640859458037	7.32425549779547
-10	30	9.45900089338836	5.94720566335488
10	50	11.4668119129382	6.97236064849664
30	70	13.8107903360838	4.86303279270172
50	90	14.022130607883	6.5596014996614
70	110	14.6312983323688	3.99599341918728
90	130	20.4444859184234	5.61915421298807
110	150	16.7203080860709	4.70638538327704
130	170	19.8111879093927	7.80808022369143
150	190	17.0107658077348	5.60438161962169
170	210	16.1669129313728	3.63598802369505
190	230	12.7152711242799	4.1168894336621
210	250	17.3646270134188	7.69503186037672
230	270	17.1674543542901	3.85790143358591
250	290	10.8739815422398	4.78760449818734
270	310	23.8379417326769	8.44085675289615
290	330	19.4971176116573	6.68325897740697
310	350	27.3254124212844	7.62332074361539
330	370	13.0191733201988	5.71280208844469
350	390	12.5335820495358	5.54846243897043
370	410	25.8523387646386	9.18987532928609
390	430	34.9426883079745	12.2092965954177
410	450	25.5997133895936	10.7495720539996
430	470	24.1752742350343	10.4680317148796
450	490	38.2723858281186	8.74884221439148
470	510	23.7578800819181	6.74925254438912
490	-10	18.0141690566955	6.94262294973123
510	10	18.0566012687529	9.34478757178033
530	30	18.9657198392428	5.95842186828605
550	50	28.1674120420386	6.72494567685734
570	70	18.8224720016665	8.30801064370756
590	90	22.0332335035811	8.2839601505675
610	110	34.0871811916954	9.00301461974839
630	130	23.7673588617611	8.21678830384086
650	150	26.227665574541	6.78683790814305
670	170	27.7527081060989	4.64770702249404
690	190	25.6672984675357	6.06115891397743
710	210	33.3936597059613	5.59170718509438
730	230	30.0802826560943	4.30047407613347
750	250	25.4527952680704	6.33692724548178
770	270	23.6154443130802	5.05267329437913
790	290	17.4430962967969	4.3000132778114
810	310	20.5963357469814	9.18242638689509
830	330	18.9753832828661	7.29710854477635
850	350	22.4639775743369	6.20444822725198
870	370	23.8450755130907	3.45759626051607
890	390	20.9726958935077	5.53648388239793
910	410	15.3977598923903	4.65290107694552
930	430	19.7376174679652	3.59850798815891
950	450	23.9411985389617	6.61426170214386
970	470	22.9291215672667	3.8644306166183
990	490	22.3537498427789	2.99036814349729
1010	510	24.0058144418817	5.56285108782984
